GRUPOS 
material 0 
-3.250000 8.266666 3.000000 1.000000
-8.050000 6.666667 3.000000 1.000000
-8.400000 3.033333 3.000000 1.000000
-8.100000 0.333334 3.000000 1.000000
material 2 
2.700000 6.733334 3.000000 1.000000
-1.350000 5.933333 3.000000 1.000000
-2.900000 3.800000 3.000000 1.000000
-3.000000 1.100000 3.000000 1.000000
-1.750000 -0.933333 3.000000 1.000000
material 4 
7.150000 5.200000 3.000000 1.000000
3.700000 4.500000 3.000000 1.000000
1.400000 2.433333 3.000000 1.000000
2.350000 -0.266666 3.000000 1.000000
3.200001 -1.633333 3.000000 1.000000
material 1 
4.299999 -5.400000 3.000000 1.000000
-3.350000 -5.599999 3.000000 1.000000
-7.350000 -5.466666 3.000000 1.000000
