GRUPOS 
material 0 
9.848078 1.736482 5.000000 1.000000
9.396926 3.420202 5.000000 1.000000
8.660254 5.000000 5.000000 1.000000
7.660444 6.427876 5.000000 1.000000
6.427876 7.660444 5.000000 1.000000
5.000000 8.660254 5.000000 1.000000
3.420200 9.396927 5.000000 1.000000
1.736481 9.848078 5.000000 1.000000
-0.000000 10.000000 5.000000 1.000000
-1.736482 9.848078 5.000000 1.000000
-3.420201 9.396926 5.000000 1.000000
-5.000000 8.660254 5.000000 1.000000
-6.427876 7.660444 5.000000 1.000000
-7.660446 6.427875 5.000000 1.000000
-8.660255 4.999998 5.000000 1.000000
-9.396927 3.420200 5.000000 1.000000
-9.848078 1.736483 5.000000 1.000000
-10.000000 -0.000001 5.000000 1.000000
-9.848078 -1.736485 5.000000 1.000000
-9.396926 -3.420202 5.000000 1.000000
-8.660253 -5.000002 5.000000 1.000000
-7.660445 -6.427876 5.000000 1.000000
-6.427875 -7.660446 5.000000 1.000000
-4.999999 -8.660254 5.000000 1.000000
-3.420201 -9.396927 5.000000 1.000000
-1.736481 -9.848078 5.000000 1.000000
0.000000 -10.000000 5.000000 1.000000
1.736486 -9.848077 5.000000 1.000000
3.420201 -9.396926 5.000000 1.000000
5.000004 -8.660252 5.000000 1.000000
6.427875 -7.660445 5.000000 1.000000
7.660446 -6.427874 5.000000 1.000000
8.660255 -4.999998 5.000000 1.000000
9.396926 -3.420204 5.000000 1.000000
9.848078 -1.736480 5.000000 1.000000
9.848078 1.736482 5.000000 1.000000
9.396926 3.420202 5.000000 1.000000
8.660254 5.000000 5.000000 1.000000
7.660444 6.427876 5.000000 1.000000
6.427876 7.660444 5.000000 1.000000
5.000000 8.660254 5.000000 1.000000
3.420200 9.396927 5.000000 1.000000
1.736481 9.848078 5.000000 1.000000
-0.000000 10.000000 5.000000 1.000000
material 3 
-8.050000 4.033333 3.000000 0.200000
-8.150000 -3.099999 3.000000 0.200000
material 3 
7.850000 4.166667 3.000000 0.200000
8.150002 -3.133334 3.000000 0.200000
material 1 
-1.900000 -8.366667 5.000000 0.200000
1.450000 -8.266666 5.000000 0.200000
material 2 
-4.250000 7.366667 1.000000 1.000000
-3.450000 8.000000 2.000000 1.000000
-2.250000 8.500000 3.000000 1.000000
-1.300000 8.766666 4.000000 1.000000
-0.200000 8.933333 5.000000 1.000000
0.800000 8.766666 4.000000 1.000000
1.900001 8.366667 3.000000 1.000000
3.000000 7.633333 2.000000 1.000000
3.800000 7.000000 1.000000 1.000000
material 0 
material 0 
material 0 
material 0 
material 0 
PLY 
